train_loss: 0.14866247271964037
training_loss: 0.19745584757629234
eval_loss:0.3699298930490852
train_accuracy: 0.9435833333333333
training_accuracy: 0.9261666666666667
eval_accuracy:0.8815